9
58
40
44
13
23
29
13
34
36
1
8
26
42
39
64
38
30
43
36
55
9
5
8
58
19
20
58
36
1
55
7
40
46
44
58
40
23
4
35
44
29
26
59
1
52
46
9
11
23
0
6
35
47
26
48
23
35
6
32
2
57
2
19
3
0
42
55
23
23
17
50
35
6
11
15
55
55
36
57
29
50
12
6
7
45
16
31
22
56
9
61
38
24
22
47
27
43
22
56
3
28
10
0
23
26
60
5
51
60
29
8
41
22
22
56
3
34
62
14
28
13
50
44
28
42
60
23
36
0
18
26
41
43
50
23
57
28
0
1
44
13
36
9
34
59
61
57
40
45
43
33
39
47
6
3
24
58
34
42
10
43
10
23
33
22
22
45
15
57
4
17
46
43
49
23
48
64
18
54
43
7
23
26
47
46
0
27
37
40
2
13
13
0
59
41
54
23
4
43
31
56
27
22
54
16
26
53
24
3
13
6
40
39
41
24
5
29
53
7
31
16
3
42
1
63
0
9
6
44
39
38
6
8
4
30
48
31
24
53
39
18
36
3
52
29
29
43
42
0
43
52
3
58
51
30
9
15
37
57
29
24
28
21
60
55
25
21
7
44
27
29
52
41
30
21
22
21
51
32
39
50
62
32
29
63
62
55
43
39
8
6
12
39
4
55
60
42
33
18
41
37
4
42
24
44
8
60
4
34
46
64
60
29
7
43
40
38
50
63
11
2
50
21
54
1
11
13
57
14
10
62
31
51
22
35
17
51
63
3
43
46
48
63
56
15
51
1
49
38
59
15
35
15
39
51
40
3
5
64
7
40
35
55
36
49
17
22
4
27
13
53
23
35
2
64
29
40
30
20
21
47
60
28
36
55
1
11
40
57
15
36
6
41
53
32
56
59
12
6
3
44
24
40
36
42
15
7
49
46
1
14
50
61
35
34
27
12
9
32
7
8
40
41
64
49
29
47
13
53
6
41
57
6
1
12
8
35
21
7
52
55
24
54
25
59
48
24
16
56
32
29
0
56
37
59
5
6
55
39
35
1
59
22
37
5
51
29
31
6
58
13
51
50
13
58
61
17
25
60
60
0
46
42
21
46
50
7
55
54
15
55
60
24
26
9
55
41
42
27
54
18
7
24
58
8
42
13
13
35
16
23
9
41
12
22
32
12
42
38
10
45
5
38
9
44
21
15
12
55
38
29
2
41
62
60
61
38
60
52
11
4
28
10
57
55
54
11
56
45
20
8
31
35
25
18
11
62
53
36
2
36
20
57
18
41
10
51
7
13
12
23
23
24
22
24
48
37
17
24
20
14
60
10
7
9
57
7
62
32
63
40
57
7
53
22
9
59
21
8
44
3
18
9
55
62
4
0
23
18
8
13
5
6
5
49
54
18
4
57
22
26
9
31
28
62
52
6
12
35
3
36
2
64
32
42
32
61
60
56
16
3
62
49
36
54
38
52
45
38
53
47
43
63
64
55
46
63
44
22
52
33
42
20
2
46
55
6
14
49
63
31
25
38
38
58
24
39
57
16
31
1
36
38
33
13
48
44
18
5
28
9
3
8
31
62
5
19
45
49
62
47
20
48
32
10
33
51
36
1
57
50
57
20
45
35
60
63
12
6
6
51
53
12
34
40
7
28
11
42
55
63
26
9
50
14
57
40
48
46
47
51
19
8
1
4
43
2
38
16
48
4
45
2
14
44
42
4
8
9
53
4
0
1
2
29
64
22
9
33
63
13
49
56
48
3
45
26
64
24
2
40
34
17
37
64
6
25
20
57
43
10
24
46
23
54
53
22
53
7
56
61
42
26
62
51
47
46
2
38
32
52
29
20
3
62
32
20
4
21
28
39
62
52
4
33
2
0
62
15
58
4
17
49
1
63
2
41
50
62
1
42
39
62
14
54
17
15
16
31
6
15
22
35
41
55
23
50
4
1
36
12
47
16
42
1
56
2
58
45
46
49
55
45
8
35
4
12
35
17
61
56
46
46
56
63
45
59
23
6
16
26
40
45
9
21
0
4
13
57
63
59
15
54
1
63
55
61
35
54
6
31
63
26
20
7
21
58
51
8
18
27
19
23
14
22
46
33
43
25
26
19
36
54
19
64
6
63
1
3
21
43
60
51
16
4
27
10
8
27
31
27
21
23
41
19
55
15
21
46
60
15
16
34
6
22
8
52
23
15
11
6
20
7
60
32
18
41
40
57
9
45
59
22
29
37
50
29
19
45
45
26
4
36
59
60
53
50
30
19
70
128
121
57
101
96
51
50
70
108
32
35
58
96
22
11
19
22
29
53
4
59
91
102
90
73
87
41
65
102
113
54
46
51
79
115
37
105
25
74
109
103
88
121
41
42
128
98
90
9
14
85
52
7
103
98
70
80
11
103
102
99
101
94
8
66
29
109
54
94
110
34
19
78
21
96
51
78
26
46
32
128
0
105
123
12
105
83
124
1
78
51
84
40
23
37
88
55
77
85
5
80
103
92
7
43
113
35
6
21
53
11
115
107
19
111
26
6
86
58
55
22
0
78
104
127
63
80
7
10
73
28
42
62
20
31
118
122
102
98
34
99
114
120
41
32
98
12
43
121
34
38
61
101
59
85
84
69
46
22
103
38
2
2
61
125
39
89
78
3
45
64
5
78
22
18
51
5
71
45
21
42
83
82
92
8
89
113
73
65
69
75
102
121
15
66
39
76
43
62
87
95
21
19
94
14
95
74
103
74
88
87
60
84
76
124
111
43
115
3
9
29
116
126
36
92
58
88
98
85
109
104
30
70
20
96
4
115
99
116
1
46
104
89
15
26
114
79
75
28
52
58
93
12
38
15
72
97
112
86
9
21
109
67
27
1
79
111
86
72
75
79
73
65
2
83
90
73
84
38
20
74
26
16
45
100
32
106
76
3
66
27
87
123
70
104
2
83
94
108
59
63
100
15
8
58
15
36
56
104
99
85
68
58
20
128
100
49
124
59
82
12
64
117
30
105
121
62
84
68
44
67
5
95
106
32
98
53
116
60
95
26
90
106
30
42
78
90
83
66
100
37
40
27
99
97
59
82
0
83
119
39
4
66
65
3
59
55
83
33
98
25
36
50
5
17
77
21
115
127
37
65
39
25
28
113
18
70
28
109
90
48
69
59
121
19
51
29
57
53
120
4
104
14
98
56
62
28
80
120
18
102
13
80
77
55
78
6
46
71
85
50
55
59
2
72
35
77
92
119
14
125
84
99
50
47
41
105
76
10
86
119
122
13
9
86
96
33
93
108
82
93
9
58
102
0
82
36
28
105
10
110
121
21
71
49
110
57
73
91
39
121
10
52
12
0
93
99
19
101
91
61
70
2
116
74
8
101
120
70
25
35
69
111
85
98
123
56
0
29
0
59
38
103
17
32
77
63
5
95
9
54
101
80
5
1
108
8
45
117
120
56
81
68
118
44
10
4
54
44
59
50
71
31
125
68
104
104
115
20
106
82
125
54
111
86
17
45
67
119
60
37
21
7
45
40
26
53
104
83
67
3
105
13
9
105
34
4
2
95
17
115
8
7
28
82
28
6
101
69
19
119
98
26
42
67
86
66
122
36
112
125
128
74
42
9
7
60
114
126
34
88
41
60
4
21
39
55
95
117
23
81
56
4
97
36
63
90
97
36
97
88
75
72
86
3
46
25
40
77
82
48
76
120
47
23
37
96
117
93
76
36
85
40
52
69
104
86
68
38
69
62
11
78
43
88
96
128
2
8
43
128
74
0
13
95
7
107
24
90
90
21
19
102
23
30
33
17
22
47
60
56
51
67
14
65
1
16
68
118
13
23
102
86
87
123
106
67
91
47
45
41
40
78
48
105
27
118
126
17
19
127
120
111
120
73
53
91
102
75
96
97
102
42
18
112
52
5
67
95
40
1
35
92
91
14
88
22
121
75
30
52
35
1
106
50
89
68
18
38
23
113
94
66
96
120
38
114
103
107
19
111
124
2
57
125
21
115
58
78
122
59
21
109
86
8
111
111
63
78
0
48
112
47
40
76
23
72
111
125
67
86
67
77
23
0
51
67
32
127
62
97
125
68
91
46
90
6
74
119
53
125
106
93
128
78
92
40
74
52
125
17
56
59
37
123
35
19
71
90
19
84
66
55
75
63
5
7
31
82
28
40
38
15
54
79
127
125
113
46
86
97
22
69
55
19
39
20
75
97
7
118
5
45
44
3
0
82
41
105
16
92
56
24
85
112
111
27
34
78
33
110
39
25
35
103
107
118
104
106
35
61
99
118
5
97
64
58
88
104
108
119
124
94
85
5
113
31
2
78
122
6
100
128
10
97
7
61
4
93
18
79
80
1
63
27
40
87
33
90
101
1
36
105
17
91
97
68
69
23
74
79
96
123
19
101
40
123
57
105
117
98
31
92
65
81
38
35
49
107
65
0
64
104
74
72
37
58
33
89
59
85
95
103
21
40
62
114
90
72
66
116
67
6
42
24
90
8
128
94
1
29
92
12
72
111
17
2
60
46
42
30
45
64
54
105
40
99
6
20
19
62
25
69
58
123
83
53
1
95
41
16
72
57
56
73
83
107
62
13
26
93
124
42
111
98
65
128
46
33
29
114
97
91
39
39
50
41
111
31
6
11
89
20
113
114
115
96
125
124
101
78
61
119
2
91
107
7
90
21
1
78
52
19
127
73
13
116
113
72
76
8
42
96
110
54
5
25
4
6
0
105
20
97
21
2
76
73
96
124
128
93
76
10
41
32
77
21
43
93
1
58
101
128
4
15
28
51
115
38
96
77
8
78
28
84
53
31
18
63
32
11
34
19
88
54
116
1
118
35
110
75
96
50
44
94
118
25
122
128
68
122
88
122
107
116
45
62
7
25
23
2
62
102
0
122
125
112
14
45
98
86
83
108
106
31
46
58
50
34
4
24
58
67
65
53
120
12
26
18
82
41
127
13
44
121
99
95
64
26
21
68
13
44
96
110
77
40
75
83
57
26
23
7
101
67
72
89
45
43
4
52
118
14
29
97
82
24
80
12
113
125
124
50
5
8
106
28
107
54
9
53
83
98
53
116
18
119
43
40
14
103
31
61
124
9
78
45
93
51
93
20
44
52
97
44
110
61
8
83
46
18
27
60
20
93
125
107
105
54
72
22
45
106
128
6
124
75
111
92
35
39
80
114
13
95
65
77
66
29
16
121
45
87
0
15
74
21
62
12
42
58
113
98
12
51
76
13
68
104
2
53
61
88
29
8
47
73
95
45
7
96
113
29
87
119
34
40
29
59
107
86
71
25
110
15
2
112
13
74
8
48
39
107
110
33
72
79
113
111
6
80
37
75
10
52
98
52
83
22
123
45
55
8
77
61
13
9
118
29
102
59
49
27
103
120
60
3
18
52
75
83
59
33
53
50
98
19
104
103
87
19
66
66
12
23
85
23
28
36
3
84
99
27
108
77
86
86
23
114
61
91
30
38
62
93
28
124
80
107
122
82
47
19
21
21
29
77
16
123
88
126
120
58
88
5
23
124
114
23
107
30
21
37
20
0
80
16
87
11
128
18
11
97
32
48
44
111
92
45
124
13
82
98
106
61
102
7
1
64
83
89
24
58
94
121
20
56
110
64
124
73
15
125
83
122
42
75
126
96
103
70
13
35
114
46
73
64
50
0
62
14
8
34
67
22
56
59
110
76
3
64
93
98
118
89
101
123
70
33
6
122
52
59
60
25
128
5
119
73
97
6
76
44
40
124
81
30
100
103
120
108
85
91
29
74
81
69
49
95
93
105
72
66
104
79
82
90
125
68
12
112
122
80
9
78
70
94
126
69
19
58
87
101
73
8
108
12
32
64
17
110
90
111
74
72
90
79
18
59
83
72
110
88
39
62
21
106
68
15
124
22
34
86
97
28
114
41
53
91
8
87
89
26
35
29
25
76
6
124
50
23
124
85
68
107
5
29
37
3
16
66
92
90
64
114
99
89
27
118
109
68
114
1
49
78
22
2
73
127
119
125
121
101
40
51
77
33
119
43
9
58
102
9
41
76
116
9
100
63
119
105
12
66
37
61
42
11
91
16
22
118
24
20
103
124
39
118
55
128
25
62
76
97
51
96
54
33
9
95
119
0
88
87
33
90
87
68
49
105
87
41
80
29
58
108
109
43
60
101
121
126
103
39
4
33
75
96
97
69
14
54
51
55
29
98
110
72
72
67
74
69
57
45
28
114
83
75
76
107
86
74
108
115
3
6
86
77
70
97
13
72
85
118
57
123
95
18
47
21
116
58
5
69
40
114
95
94
17
11
74
23
13
17
98
87
72
84
62
38
89
97
123
75
19
57
110
25
13
10
119
110
50
92
9
35
105
11
39
57
80
45
120
112
107
61
109
59
93
20
77
29
2
32
26
19
93
44
55
13
7
33
96
20
70
89
117
5
39
57
91
13
37
94
41
77
67
64
118
61
17
53
106
109
104
69
113
124
43
58
128
49
17
29
74
50
103
31
84
88
30
88
107
96
43
8
40
69
70
49
101
39
62
72
63
119
105
108
62
75
94
124
26
86
50
21
103
59
57
105
64
37
15
42
50
112
81
18
108
13
99
7
2
91
117
23
10
7
0
25
6
31
85
26
4
26
114
67
8
0
57
36
5
85
36
96
49
11
64
45
56
88
90
2
85
84
49
33
38
45
84
68
124
127
57
36
115
1
112
96
89
12
7
88
33
90
47
11
102
123
31
17
88
61
38
70
51
4
23
128
126
67
96
113
31
120
16
24
111
5
88
37
5
0
19
4
85
121
22
25
65
11
36
123
105
80
27
122
91
72
6
39
43
77
17
1
0
26
94
42
71
102
102
25
83
17
14
56
27
71
108
22
113
128
44
8
33
80
15
84
16
2
78
119
112
116
24
73
23
92
104
36
19
110
113
92
47
72
43
70
112
113
54
10
111
67
31
83
31
79
79
30
3
89
3
19
50
58
116
19
81
35
78
113
46
46
39
61
87
102
54
116
124
17
2
12
78
101
124
77
21
31
27
62
17
27
77
42
29
111
44
64
101
116
23
104
15
95
51
4
6
100
95
38
25
5
94
16
99
23
1
24
77
42
104
48
66
25
62
55
58
11
81
43
87
121
15
4
15
61
66
78
114
114
32
37
102
109
67
18
48
57
45
55
86
101
42
89
31
46
96
90
124
88
56
2
37
91
54
87
109
54
49
55
13
0
48
69
121
110
83
24
25
26
74
42
30
54
61
85
78
124
110
36
7
91
12
102
118
125
35
43
98
31
37
44
60
69
65
90
42
123
100
26
81
13
87
72
62
45
28
14
12
105
89
120
19
95
86
125
63
1
123
117
10
94
45
72
20
101
78
62
80
111
101
112
46
30
72
31
100
99
99
19
21
96
49
36
82
7
48
127
17
126
28
123
25
85
6
107
70
84
53
128
80
23
101
119
4
31
19
120
17
21
127
56
15
100
58
0
119
58
83
107
100
97
13
120
14
74
128
42
54
108
44
56
64
75
67
37
121
76
84
57
27
108
77
63
41
33
107
31
114
82
92
106
51
17
32
13
51
56
124
42
85
81
16
57
75
14
31
29
69
110
122
127
56
59
20
108
93
74
27
33
38
20
108
95
123
27
29
33
126
18
93
74
54
110
97
123
1
51
77
105
106
0
79
42
65
126
31
80
84
67
26
17
53
35
11
89
8
41
64
96
59
119
102
116
71
37
68
100
79
46
17
116
105
84
6
39
80
72
124
66
8
72
65
98
125
94
79
103
96
44
69
73
29
76
115
123
124
57
70
24
65
27
84
99
57
113
2
4
79
40
93
50
109
80
59
25
1
35
23
17
19
24
26
110
17
11
90
76
23
60
55
65
120
70
1
78
19
41
69
26
112
46
60
82
16
73
8
105
70
125
43
10
74
109
83
41
0
0
13
16
120
29
37
50
106
87
67
10
50
101
53
75
105
120
114
88
102
36
11
34
13
11
41
0
39
24
120
46
104
33
103
62
17
115
115
0
81
107
92
15
75
33
79
22
29
62
109
79
106
70
27
70
11
125
76
76
96
81
79
88
70
87
106
128
98
128
87
25
80
57
18
14
44
111
29
55
109
87
46
113
41
125
44
96
25
114
110
8
121
74
111
25
25
63
91
126
71
104
48
13
86
14
128
57
56
20
118
21
23
32
31
78
33
52
109
80
90
47
67
14
106
82
13
73
78
108
101
91
37
115
82
22
24
79
98
105
102
46
116
116
85
116
82
84
67
110
42
107
60
104
89
69
128
11
30
98
52
18
82
32
121
106
79
64
76
21
59
18
118
91
125
99
5
52
123
25
103
74
109
126
35
86
53
25
29
34
76
67
15
90
60
89
77
45
128
8
97
83
104
126
112
53
1
116
93
28
40
74
56
70
80
8
110
81
87
100
6
67
68
55
73
38
65
39
110
51
58
1
19
74
13
88
13
65
32
124
13
128
68
116
92
110
2
6
19
49
84
120
72
5
1
100
93
33
128
66
22
104
100
71
9
50
3
62
123
48
33
15
58
87
91
81
7
47
8
92
32
28
25
5
98
51
77
86
49
57
49
2
105
3
81
85
59
7
69
42
18
84
76
102
28
20
42
3
51
99
65
118
107
38
47
80
71
30
32
65
128
116
0
99
92
75
64
81
76
12
3
59
31
40
101
7
127
54
59
105
49
73
2
124
108
61
89
97
128
49
49
84
97
92
94
103
42
84
12
1
75
8
36
28
59
25
38
20
78
21
71
126
86
42
3
55
80
56
35
39
11
48
105
28
5
42
53
75
126
93
73
61
29
12
27
74
89
68
65
8
25
88
100
99
69
116
102
17
27
90
77
23
60
112
59
14
38
59
29
96
53
41
107
80
121
83
57
40
74
63
104
4
127
86
40
26
96
23
79
122
38
8
76
122
64
110
11
62
79
61
48
72
128
77
33
72
110
60
36
123
5
9
110
4
68
11
102
62
12
93
83
101
15
105
105
20
81
22
76
102
110
120
53
104
19
52
36
30
70
81
2
89
94
114
81
34
43
64
32
25
94
74
29
77
70
72
124
26
46
79
42
58
47
119
127
35
110
16
14
0
9
117
126
40
49
9
8
10
122
124
36
0
70
29
117
61
0
128
55
46
89
38
65
41
16
68
87
89
4
66
65
14
6
92
45
42
3
122
87
111
11
19
62
31
85
47
121
118
123
85
93
56
109
26
67
95
37
27
51
106
93
83
119
63
69
52
125
108
41
7
49
23
10
106
90
110
107
9
5
126
68
98
93
88
4
12
105
1
25
85
36
106
5
90
95
91
54
5
23
111
42
99
83
58
78
20
31
17
105
123
85
19
21
47
109
119
16
108
63
35
107
72
7
60
56
7
4
44
104
65
80
51
28
12
3
51
111
107
118
45
127
85
126
44
120
29
114
55
29
72
92
30
123
58
71
109
90
107
106
1
93
15
69
44
123
127
5
60
49
3
17
59
127
55
32
50
43
9
9
91
61
20
50
88
69
84
27
30
9
49
20
9
75
42
20
34
126
9
41
103
21
25
32
34
113
103
61
125
3
14
1
23
4
127
37
61
68
13
113
70
51
62
25
59
127
80
97
86
95
47
116
105
42
46
85
70
9
47
53
86
18
52
95
24
126
113
97
41
70
107
90
44
115
95
16
87
22
100
120
26
28
43
91
106
54
2
51
64
44
58
116
45
111
74
123
125
42
102
111
78
12
33
93
101
111
104
64
75
39
112
67
18
105
69
31
100
11
31
111
62
23
69
30
1
29
21
78
72
82
73
49
97
6
122
92
105
112
48
47
66
70
66
123
58
110
26
5
28
19
66
46
2
50
118
32
44
52
1
86
59
35
128
98
70
126
17
60
86
86
0
44
7
18
2
91
122
84
86
53
78
104
78
10
66
120
25
26
60
100
94
96
91
86
75
87
2
16
20
46
60
84
55
97
9
76
60
53
127
43
71
115
76
15
24
2
65
5
65
79
4
8
35
26
16
48
106
119
85
87
47
0
99
6
105
28
59
34
38
99
21
119
110
48
6
23
17
90
48
17
91
71
102
98
84
92
48
97
36
35
121
29
112
75
17
77
74
123
92
110
80
54
1
80
82
9
95
52
110
113
94
5
46
0
128
93
31
86
85
104
69
69
44
113
25
94
63
42
113
76
8
2
127
125
115
127
41
15
100
70
63
118
22
128
72
47
61
96
4
48
17
82
22
122
24
34
22
127
40
17
13
62
94
5
32
3
51
116
126
23
4
119
58
40
11
20
102
119
106
85
97
61
61
63
41
32
20
113
77
105
102
9
63
81
17
78
56
87
22
60
106
72
102
91
16
123
109
19
114
24
2
117
41
58
36
16
7
15
14
90
23
20
75
18
102
26
75
126
82
108
62
118
96
64
108
73
13
95
39
68
70
55
51
38
80
22
70
75
16
41
1
7
105
94
19
86
52
75
99
116
88
117
115
114
74
45
16
0
62
14
100
65
105
23
30
102
34
121
119
16
2
43
9
123
103
104
78
86
127
75
27
7
115
34
76
53
64
94
32
15
0
79
24
121
75
85
95
2
5
113
98
62
127
23
123
34
73
27
58
3
105
31
0
73
111
92
12
78
8
109
85
47
79
66
119
63
28
96
93
26
35
37
113
96
31
81
94
33
3
119
59
126
34
117
67
51
3
47
50
109
69
30
80
80
49
115
79
89
40
128
107
122
66
107
14
65
19
85
104
118
121
37
124
128
74
83
111
105
57
78
59
81
74
89
47
88
38
124
43
123
79
51
122
61
92
75
126
51
89
27
100
82
4
15
123
65
79
119
79
6
43
127
38
53
32
37
62
100
107
103
49
126
117
90
56
88
26
97
118
114
45
82
127
33
108
44
60
72
29
78
110
47
53
86
121
56
75
9
79
82
122
91
8
56
2
42
80
44
6
27
23
17
59
45
44
80
33
114
126
108
37
63
89
40
70
40
90
112
103
6
89
0
104
121
67
64
85
99
34
83
40
117
0
34
57
94
91
5
8
69
57
37
54
106
114
89
87
3
63
53
36
39
27
47
103
121
35
106
12
80
89
121
67
48
116
51
76
56
23
63
105
67
31
119
85
117
39
9
6
21
16
88
114
35
3
107
34
71
120
61
67
105
68
72
118
25
76
9
18
76
83
34
62
2
5
120
3
53
47
5
73
32
69
52
77
52
53
47
66
96
118
4
112
0
38
65
87
103
5
85
72
4
51
51
56
12
82
117
67
73
67
91
52
123
121
46
26
91
12
71
7
177
205
148
159
227
159
223
201
154
231
226
243
145
166
200
129
168
138
139
158
134
204
167
171
221
182
216
245
250
177
185
217
171
146
181
235
222
181
220
241
251
142
193
228
201
166
244
201
145
253
214
130
194
223
248
194
250
234
193
229
205
207
145
137
200
159
218
142
156
133
236
213
232
184
144
133
147
144
195
163
142
136
226
153
230
237
251
171
179
168
172
238
242
142
135
173
207
234
135
153
140
197
134
151
190
245
137
250
237
183
158
187
233
150
134
163
215
220
142
224
176
240
158
177
231
243
185
183
250
227
151
204
231
193
169
168
151
133
200
147
203
128
239
157
190
242
150
146
190
173
167
157
253
198
155
165
138
240
253
148
160
243
132
217
179
133
209
168
208
172
194
249
142
184
128
150
192
132
216
160
180
247
246
188
191
188
135
248
156
186
218
157
197
155
181
210
200
186
172
150
225
229
201
242
146
191
151
205
231
167
201
165
241
162
231
158
230
226
219
161
213
232
160
250
217
251
254
194
182
169
233
244
155
252
246
253
149
219
242
254
239
176
131
190
237
198
228
240
178
176
195
145
130
175
187
188
250
165
188
149
214
141
168
199
187
177
169
234
238
156
200
184
251
139
255
244
151
163
152
141
133
161
142
217
234
189
174
246
199
197
163
176
221
212
182
138
242
166
138
131
247
171
247
144
184
145
145
197
142
163
150
161
222
178
170
231
163
197
193
203
163
182
136
223
141
198
228
165
176
221
211
254
140
145
180
249
254
152
192
220
254
182
215
230
144
218
197
188
150
206
154
205
238
188
246
204
221
201
136
250
232
159
138
210
251
196
170
215
135
204
162
239
215
245
174
150
245
241
157
142
222
247
182
138
227
206
146
251
154
252
156
158
165
220
237
179
208
178
226
202
193
168
224
221
168
183
190
235
222
247
184
247
244
235
186
175
204
199
128
188
149
218
199
158
248
155
210
242
165
159
157
252
163
188
148
178
201
162
244
204
166
254
166
251
171
228
170
200
187
193
193
221
232
170
249
153
136
246
195
157
148
231
229
153
168
242
141
241
218
239
182
146
215
233
224
208
140
239
161
128
233
207
248
180
155
149
143
161
213
242
160
158
171
210
203
131
218
247
214
143
180
198
202
137
193
210
185
163
159
246
169
184
136
232
231
203
181
179
146
161
170
175
195
199
242
205
187
221
179
246
223
222
246
247
179
143
133
193
158
171
197
168
194
150
194
230
252
218
209
166
245
248
184
246
191
139
147
171
192
215
156
215
214
143
143
150
160
239
134
128
148
178
147
218
214
195
153
148
129
130
210
242
170
153
193
214
135
169
168
170
240
201
140
163
253
245
214
222
233
135
244
186
179
249
221
184
254
224
211
239
162
169
238
173
174
136
250
172
203
149
213
165
182
171
169
214
137
218
236
241
189
236
204
192
232
253
239
218
221
140
151
233
251
138
176
248
181
240
184
210
151
229
177
251
215
233
237
218
175
198
194
167
181
228
226
233
131
243
150
252
216
136
190
228
132
172
235
221
163
146
194
230
142
151
152
214
202
232
194
241
193
130
134
251
226
235
229
172
194
154
227
243
252
146
232
221
129
194
148
186
166
138
155
213
206
209
184
163
231
129
150
196
193
139
189
146
161
128
219
172
187
151
251
169
222
248
242
161
166
132
151
240
250
197
176
193
153
167
156
172
174
139
220
178
162
179
192
181
200
237
152
177
244
177
217
206
171
188
220
141
252
196
207
161
128
152
153
214
228
170
211
187
188
241
183
137
149
189
162
199
207
254
197
234
185
152
173
220
205
169
174
180
246
180
237
158
131
182
251
252
228
237
230
155
252
184
220
210
240
181
150
133
219
159
170
217
175
170
200
190
165
245
253
169
176
157
235
228
225
141
184
215
195
142
210
248
249
176
199
219
168
182
212
139
200
222
133
193
188
137
202
244
185
157
212
252
237
254
205
138
254
144
144
140
242
150
169
215
223
133
162
155
136
229
175
205
211
228
212
130
237
251
150
132
187
174
241
177
240
205
214
169
193
254
243
185
142
248
173
213
176
175
238
229
137
182
137
173
238
147
217
188
205
171
231
162
195
244
147
146
219
129
182
252
153
152
214
216
243
202
239
196
153
145
133
229
168
142
188
153
208
247
237
210
185
190
189
139
171
177
196
148
172
148
244
188
233
249
156
202
163
128
197
142
192
153
206
141
247
153
166
171
128
138
221
242
203
202
209
195
200
239
143
145
202
253
161
235
234
220
246
214
150
157
158
135
249
179
132
219
193
232
166
228
132
191
144
243
139
226
189
190
146
251
219
197
154
180
157
246
231
185
167
134
244
148
131
134
175
234
231
164
197
254
184
135
182
171
175
154
223
158
148
251
234
173
129
220
240
139
189
159
131
200
148
247
246
205
130
233
188
135
169
226
180
250
139
239
194
246
226
251
235
252
241
206
231
223
140
175
216
167
191
201
191
149
131
141
170
143
136
253
176
176
199
254
219
151
140
197
188
215
150
218
206
252
250
228
202
206
193
235
162
155
242
158
180
194
229
146
207
186
241
250
194
243
136
198
233
166
250
254
253
131
218
158
177
207
145
186
141
148
134
204
145
233
152
224
176
140
147
188
239
193
169
172
254
217
158
214
180
243
230
212
189
164
252
238
135
229
144
148
170
229
164
205
212
238
160
145
190
159
154
143
203
208
194
135
136
253
244
193
144
183
156
237
149
152
159
226
226
211
252
155
182
154
178
182
185
248
204
207
140
147
150
211
172
242
143
205
154
229
138
237
136
144
186
141
180
160
173
234
148
151
251
230
188
231
200
147
248
191
153
179
145
149
215
154
254
255
145
225
208
128
137
243
214
162
227
242
253
244
204
220
196
151
195
180
213
135
155
136
209
170
178
252
214
238
185
159
195
154
137
248
174
158
207
253
195
171
162
200
158
216
239
251
177
224
141
179
169
240
225
217
200
160
144
239
234
198
146
151
169
197
238
253
229
230
157
223
246
134
171
188
169
159
143
136
176
189
139
195
210
129
241
129
230
137
230
148
168
225
158
146
168
153
139
206
186
176
213
222
150
241
165
174
145
194
143
209
209
179
252
147
163
192
157
190
156
160
232
248
176
228
191
172
195
164
171
214
143
255
245
222
245
177
191
140
206
224
247
204
198
210
197
232
254
155
213
179
174
142
169
129
219
156
133
225
137
136
210
239
148
223
186
186
130
171
135
160
193
226
208
170
139
150
170
133
154
196
161
254
136
154
173
233
226
238
165
171
254
141
143
238
136
136
188
251
164
199
181
155
133
194
206
176
161
194
227
175
190
249
188
224
175
216
248
211
217
202
221
146
173
194
180
233
139
194
162
225
210
169
217
242
163
134
142
193
220
169
175
172
203
241
133
152
255
229
227
203
223
214
219
199
206
192
247
226
156
237
175
222
243
180
255
155
211
137
139
224
201
236
216
167
150
188
251
222
135
197
134
251
234
255
237
189
216
177
199
223
211
140
206
204
248
183
250
163
171
159
234
212
213
134
242
192
205
218
229
222
171
202
176
249
232
196
152
223
158
211
177
198
130
194
141
128
183
191
133
162
138
166
154
192
185
201
161
147
184
192
208
227
155
197
240
187
163
166
151
195
141
161
176
234
228
225
251
241
226
243
190
209
231
182
221
225
198
222
129
201
200
165
198
149
178
196
182
242
161
207
214
188
157
138
171
157
128
228
179
248
173
219
200
201
139
206
165
234
176
252
158
235
198
191
233
151
189
133
235
248
216
184
211
188
246
218
201
189
249
209
147
240
196
154
139
148
187
148
152
229
131
144
131
251
169
254
235
196
252
187
132
251
226
162
236
145
231
135
183
178
190
184
141
250
181
147
191
153
164
232
133
134
171
250
239
254
178
166
234
138
162
151
191
209
172
149
167
204
160
171
248
222
135
160
203
159
162
153
204
159
221
218
156
162
153
194
173
147
178
148
232
153
241
241
173
155
144
151
227
138
196
229
206
173
243
155
174
168
209
182
228
165
211
238
138
242
174
227
224
196
148
142
150
211
175
236
207
176
195
165
149
160
217
152
130
185
185
129
129
196
223
210
153
247
175
215
161
128
219
196
170
250
243
249
144
172
192
236
133
136
169
209
160
140
176
241
163
202
191
165
243
215
231
209
157
161
229
226
202
207
157
170
148
190
145
192
239
172
167
157
141
250
163
138
184
216
159
160
254
139
242
197
235
209
214
165
205
130
255
202
198
254
199
136
213
145
226
209
153
218
249
141
147
187
230
191
183
197
185
160
135
139
245
186
164
174
163
212
251
251
144
140
229
181
202
231
209
206
255
182
211
146
212
226
248
163
141
171
250
229
140
173
137
163
205
201
156
227
178
220
211
243
233
183
243
216
228
174
250
224
200
227
183
224
229
173
255
207
134
216
156
221
182
190
157
252
129
240
140
250
151
238
205
245
201
244
187
144
147
192
157
174
180
160
217
206
176
197
193
197
187
237
234
141
128
132
178
128
159
189
246
187
226
192
148
232
138
193
193
164
222
189
234
138
180
166
130
246
166
165
162
217
138
214
156
189
251
171
151
187
203
229
170
218
226
166
246
239
165
230
235
176
200
174
236
253
179
241
184
136
222
130
175
146
160
165
146
167
231
153
196
136
207
219
195
170
245
247
132
144
223
140
159
165
179
146
128
196
219
240
232
208
134
139
231
140
247
235
170
198
196
160
214
174
201
236
177
202
156
136
159
173
157
154
200
162
247
215
152
202
221
225
240
216
235
204
185
193
225
231
247
138
204
134
171
235
166
162
212
149
228
240
253
149
168
196
163
211
232
205
156
151
186
232
159
216
132
197
144
246
154
190
187
128
218
189
206
169
131
211
253
188
177
154
209
157
226
199
177
167
242
243
136
212
241
223
251
182
249
138
241
171
155
148
171
149
238
202
232
221
140
151
169
202
186
194
213
162
179
162
201
144
157
138
134
221
205
175
243
247
188
184
186
255
149
160
187
191
195
153
197
199
167
220
135
185
199
222
207
247
232
205
206
242
234
219
147
154
239
133
150
144
148
178
150
201
159
140
162
160
146
139
249
191
177
159
164
220
241
140
255
232
216
131
246
166
217
167
174
168
254
174
155
136
185
225
136
221
237
156
209
208
248
189
142
144
177
148
150
225
169
221
230
164
232
206
178
211
168
168
231
143
225
197
131
135
223
162
131
245
196
171
157
229
250
240
170
209
151
167
227
174
237
134
164
132
204
183
145
191
173
249
231
186
159
149
154
254
155
248
211
196
182
167
201
240
231
253
156
191
172
231
215
151
231
180
135
164
247
154
161
152
237
178
198
138
158
162
180
188
227
215
136
179
182
152
194
137
202
211
184
163
175
239
175
159
129
196
212
173
231
212
195
210
220
252
170
203
144
136
142
191
227
246
130
247
219
186
153
223
253
204
176
140
238
200
164
142
243
137
154
151
168
243
155
238
191
167
196
150
132
190
196
160
168
235
183
156
219
227
130
170
154
228
220
187
135
167
251
131
223
150
247
170
236
222
174
195
141
198
186
195
167
169
224
246
242
133
145
232
214
182
205
157
156
138
226
247
192
200
153
190
236
174
163
209
179
151
135
169
206
248
234
198
249
180
255
134
159
236
184
133
155
170
224
203
175
211
255
168
179
240
243
204
160
137
221
158
206
159
130
129
204
202
233
201
233
232
238
192
200
253
154
151
190
185
253
224
252
252
183
159
133
181
159
233
133
234
214
160
163
177
164
217
217
231
134
198
183
227
176
255
233
192
166
151
234
204
143
242
245
242
187
163
244
180
173
236
187
229
153
229
146
152
141
213
151
173
234
139
137
150
214
197
210
227
128
226
164
166
197
146
192
224
244
156
151
135
131
234
174
144
241
242
153
234
172
225
248
137
225
180
219
246
163
181
152
142
218
143
195
193
144
129
238
155
130
137
246
198
204
192
232
239
228
162
240
211
236
200
153
139
238
239
176
231
148
238
245
194
146
211
197
170
141
166
174
177
215
194
197
172
191
208
240
221
237
201
235
138
169
138
144
249
253
191
212
158
136
184
254
140
219
191
132
128
172
213
242
202
212
190
236
164
252
248
143
174
151
154
221
177
218
220
128
255
186
163
234
203
198
222
131
239
140
214
213
251
238
227
181
128
231
248
244
167
160
168
172
148
205
139
151
154
219
143
247
185
253
167
250
195
231
171
129
255
157
215
189
148
249
181
190
196
253
244
228
215
171
141
135
183
145
166
133
169
195
202
193
177
207
168
209
135
183
184
206
153
210
179
248
128
224
144
232
186
128
141
227
167
162
225
129
184
208
203
173
149
162
187
239
169
148
131
227
156
244
171
131
232
167
192
182
178
190
241
216
150
234
190
186
212
160
204
239
133
220
248
224
222
179
218
230
192
143
174
182
158
197
242
184
132
186
171
221
225
141
132
129
221
192
253
212
230
255
206
171
244
186
133
159
163
134
168
196
156
228
238
208
140
240
176
180
190
181
190
198
179
255
216
217
181
230
171
237
186
225
176
159
200
158
223
146
181
228
224
232
176
168
172
240
161
234
146
186
227
149
217
216
228
186
158
131
210
198
167
179
207
243
223
144
194
243
174
244
191
245
246
233
157
235
192
138
182
207
171
136
197
154
217
131
153
170
147
219
157
181
191
184
243
221
196
158
246
250
229
185
245
241
238
191
168
243
192
224
211
218
140
238
240
242
134
223
177
203
241
203
232
192
146
222
205
161
155
180
181
152
192
215
130
190
240
235
10
105
62
97
98
37
219
214
26
18
90
234
52
101
129
227
119
20
139
69
253
65
57
37
165
120
102
134
44
62
128
147
153
126
203
89
37
45
131
248
225
126
159
245
218
232
91
205
110
228
54
232
115
160
199
126
197
227
162
146
55
122
82
25
140
76
191
234
70
82
237
16
94
153
178
168
176
139
138
121
218
72
239
155
205
141
15
43
192
38
81
56
57
201
11
113
111
182
162
32
154
217
73
86
32
28
140
202
2
152
42
129
105
13
185
122
42
97
52
216
211
168
191
169
3
55
94
111
146
10
77
185
51
84
42
138
248
78
227
109
17
241
121
214
173
131
231
120
58
50
204
147
188
202
125
0
251
29
15
46
85
27
148
98
160
152
246
79
14
122
57
232
13
33
149
89
91
244
236
123
214
32
191
28
200
154
59
105
80
78
233
31
248
31
50
240
151
171
59
17
87
223
30
241
32
111
199
238
199
20
185
51
248
149
251
210
103
153
96
226
84
94
41
123
249
159
48
64
41
253
28
37
171
127
68
105
39
238
168
159
103
64
254
64
171
124
139
55
237
183
43
60
14
241
90
129
175
197
160
128
160
61
142
175
170
40
198
61
49
43
155
212
139
97
164
108
245
120
151
90
167
45
163
226
146
32
118
7
27
32
207
168
6
6
133
243
108
25
198
212
76
119
23
244
109
143
41
187
150
220
251
32
158
99
22
126
75
56
188
150
151
135
186
214
156
117
168
229
111
177
192
0
58
243
226
248
38
55
126
154
255
207
63
180
221
116
94
187
210
155
223
21
11
179
141
188
227
212
145
104
32
248
233
83
43
42
99
226
123
122
160
219
168
36
204
37
101
194
95
183
182
253
153
103
215
216
248
172
168
213
45
164
167
231
231
217
8
129
4
253
76
74
96
211
6
96
84
94
212
189
205
26
150
137
164
222
33
102
189
239
233
66
98
83
148
131
193
181
56
220
91
38
254
93
155
231
31
201
7
159
42
228
177
5
138
75
152
87
245
120
91
117
203
192
179
53
132
105
141
249
86
105
234
141
164
160
69
35
186
219
37
60
14
169
186
175
113
25
222
117
218
218
214
137
210
233
136
195
67
123
4
166
188
79
166
158
247
42
94
197
126
193
0
227
132
33
252
4
107
255
136
3
34
79
197
51
216
35
7
100
152
106
108
226
172
45
166
2
196
245
6
141
225
40
182
239
16
153
249
217
206
0
130
239
186
134
193
62
11
255
44
129
121
169
104
248
247
46
116
100
37
113
227
16
12
162
212
6
183
180
105
27
214
142
181
193
103
216
46
100
62
123
222
63
62
17
183
111
50
63
50
194
246
187
39
120
84
204
182
13
255
41
40
172
38
208
171
91
117
212
213
37
211
23
178
77
120
41
8
9
186
16
85
191
210
236
68
36
89
21
100
67
111
170
104
130
221
255
183
187
35
203
163
94
174
32
93
1
223
182
77
46
133
242
89
92
172
166
79
40
169
119
6
61
255
84
43
196
197
209
221
34
49
201
136
49
149
52
213
108
176
31
163
19
88
245
106
187
128
220
172
227
93
195
54
158
126
211
64
142
178
27
52
145
60
224
76
105
148
104
75
227
152
219
116
185
149
186
216
61
191
66
109
27
81
4
42
59
193
157
123
213
30
121
209
169
195
58
55
231
158
226
214
96
158
35
50
252
51
243
4
91
254
239
84
252
133
74
136
217
20
254
91
198
52
15
180
130
115
13
250
245
168
131
29
11
71
48
184
253
196
5
172
4
190
183
77
136
166
195
160
1
164
80
186
192
224
126
177
198
55
6
59
181
170
59
150
149
242
127
170
176
205
237
216
247
165
31
159
76
21
104
20
155
86
149
36
82
220
136
19
239
148
7
27
101
52
96
211
244
60
113
96
120
235
208
169
30
43
91
235
9
99
90
198
103
39
121
162
61
149
55
110
102
208
28
238
205
36
176
119
24
46
175
189
133
140
149
166
113
137
235
128
38
220
88
219
158
165
43
122
39
100
218
10
205
172
82
215
196
34
110
46
137
26
0
38
194
240
221
212
138
171
54
225
209
136
210
39
115
238
40
230
19
198
166
53
202
248
89
252
25
171
54
67
127
111
31
204
38
155
195
12
193
117
104
37
168
68
231
174
158
167
9
92
232
94
219
20
142
221
117
56
110
215
124
232
80
186
136
170
8
118
148
224
33
131
125
216
122
234
213
113
214
241
51
149
236
16
164
184
252
143
149
236
46
194
129
80
115
95
158
75
156
14
158
87
123
180
101
132
111
16
58
110
23
2
216
97
78
148
41
25
71
144
247
172
110
5
97
227
252
192
188
63
35
214
172
36
114
26
208
216
178
92
175
247
55
34
33
173
210
170
128
141
102
61
253
13
48
31
12
23
29
46
32
32
169
200
39
229
12
106
13
17
30
98
237
83
13
202
33
21
255
33
159
169
20
201
229
189
123
130
93
10
97
189
191
108
64
223
19
195
80
134
140
96
101
199
26
149
230
35
171
72
182
25
21
218
12
210
145
204
67
221
22
50
212
62
2
159
59
138
250
180
249
185
217
79
142
41
241
44
95
206
237
66
76
74
61
108
178
15
31
87
91
140
109
187
72
252
59
181
16
65
35
149
62
213
140
219
241
107
6
189
1
145
134
31
180
248
19
151
224
229
56
155
96
127
191
226
255
77
48
151
190
212
33
68
128
178
61
79
144
89
186
159
174
207
18
130
147
50
86
12
51
87
183
49
88
191
224
92
165
64
13
129
133
195
147
14
141
133
58
138
141
18
226
202
206
53
202
68
97
39
115
200
50
106
214
166
87
24
102
121
229
140
253
188
52
38
192
45
188
110
54
93
251
4
147
186
12
69
126
123
4
42
176
91
255
11
199
64
71
160
160
174
218
220
93
202
73
231
201
182
44
96
153
50
5
247
59
3
108
121
81
211
164
44
165
48
100
179
142
213
112
69
136
164
59
44
251
15
156
121
17
184
63
87
193
198
53
250
1
90
234
42
107
16
232
12
63
199
71
70
7
36
3
160
127
105
223
64
249
243
206
152
66
109
189
96
114
56
132
45
90
1
60
4
247
118
187
127
22
110
3
223
251
185
120
128
109
216
111
197
226
154
85
121
0
182
63
246
165
30
196
230
232
189
255
157
90
130
216
234
96
153
175
216
65
217
68
61
51
34
21
76
134
99
104
202
148
79
51
24
4
228
118
119
67
156
87
218
39
61
222
118
160
247
27
88
114
234
37
95
61
67
172
247
199
224
97
89
16
156
52
186
84
125
112
202
220
241
158
158
96
56
2
93
201
42
27
201
57
158
224
112
158
148
173
129
176
66
77
132
202
56
229
33
102
175
153
222
32
118
187
253
115
92
103
228
147
240
203
207
13
46
20
163
169
114
91
212
133
221
253
233
234
56
36
131
45
200
85
247
163
148
3
90
152
255
7
173
149
225
255
65
85
205
195
133
209
3
203
202
242
139
46
217
239
144
137
206
81
89
39
42
49
132
200
231
26
142
242
218
13
82
106
206
56
104
106
84
98
37
123
167
91
76
250
147
118
210
7
199
225
49
122
10
112
240
59
162
101
67
121
223
164
95
9
110
119
175
111
158
245
137
122
177
64
124
62
136
14
187
135
173
213
142
194
221
253
156
28
140
27
182
200
152
195
185
39
43
114
203
224
65
222
9
95
225
157
12
131
234
85
115
41
98
77
178
119
154
6
115
29
187
245
105
146
81
199
123
13
13
114
233
162
12
236
72
117
191
246
175
146
232
75
9
247
52
32
21
251
221
59
31
81
71
156
128
227
146
153
234
235
125
192
149
26
195
255
38
99
30
122
74
229
128
176
39
95
143
32
212
219
38
179
1
28
254
167
194
184
185
124
139
121
4
59
249
219
215
41
230
179
5
149
247
180
155
111
160
90
180
158
20
28
237
79
37
108
105
99
94
30
242
128
214
205
243
215
244
158
126
55
3
151
215
228
81
233
201
192
254
227
131
95
157
39
76
173
176
108
69
155
135
94
117
168
40
109
205
82
195
66
36
21
9
113
35
248
246
100
90
179
246
190
92
88
40
28
170
158
131
143
222
230
104
41
76
122
108
162
16
56
204
35
138
207
65
159
63
196
38
44
114
110
10
131
132
96
229
46
221
7
166
151
64
58
38
55
194
226
215
211
23
97
231
3
188
46
25
38
33
29
88
185
45
212
69
92
12
143
240
137
175
27
34
230
235
198
165
75
82
205
145
141
160
86
8
196
83
220
37
92
24
176
173
148
38
152
58
126
250
124
222
147
92
98
8
177
219
41
12
136
168
119
219
127
31
163
173
19
233
80
169
68
50
33
77
194
206
165
231
62
237
143
74
98
184
126
255
104
50
21
106
148
179
197
42
224
16
146
177
206
32
226
39
104
117
41
50
185
242
58
92
21
98
11
160
20
159
29
102
86
166
9
151
175
42
131
47
187
115
5
43
58
176
184
223
46
190
108
191
196
143
